104310795
110818059
129444345
27586277
85379399
160394910
70288488
135576945
70654710
65266763
186822397
95516440
145136523
49631076
145062745
32338059
154435945
114925153
33425330
72738531
21026595
169133833
187117409
87997419
79941646
112126246
105391330
68603990
101975964
61032165
42950541
65060134
44643581
147623937
134892068
112223108
88679896
186658747
186949420
36295706
125459931
125938134
98608688
178415456
64157145
145637621
99545600
100704630
126982404
120377009
108744709
79548807
130688746
168349310
186185541
39600949
70963430
86906738
165120108
155407638
172916294
25291337
180239314
186271398
73456422
105917082
62207825
120073792
148195170
185946003
65216799
96417834
122114689
131388447
86642925
47455826
155126112
91889589
174472437
153197747
145886650
108331171
93113149
177952211
164835961
70704761
65042227
58385309
126055525
186811517
85231365
168963984
163510684
187342031
79697066
63721298
115491153
115964673
48665177
36810438
77429484
79839858
162606242
69885649
110074229
92361111
163019198
78047259
137402697
170658402
107551777
80516252
150779458
155499013
61507736
132445022
187116698
187794179
181629591
28840280
148727521
171421052
144818725
172054917
153671961
183975888
148856238
172138779
72053402
157331927
153594501
127767332
99069549
165700339
145760812
160700132
105077601
69514126
72033706
186303328
179227774
33287982
167163517
78091559
102744859
113517715
65467845
169522789
69478089
122671827
159678199
143836390
185949401
102165574
179224427
187739449
187225533
154472086
77187870
37595881
126924601
26828031
72493246
187485095
48042189
68757156
187752455
171721885
71646553
88090228
52607964
67370291
109341754
145726197
72238606
43208661
176055068
73252035
35347668
143836332
82520725
138253465
71995397
66477811
186877080
112269767
144213213
86582798
31416870
93629229
172198486
32305502
33172486
163789062
107773932
119141570
129437101
44575529
148220052
153323677
62394692
87856283
171809188
171799863
183647382
150031016
120393372
145069795
154044387
138581531
185923266
101065917
99101672
74169230
155681401
38941984
94652589
66848389
165862983
63952282
175858149
167232113
187319830
187079323
145679406
177701788
67189629
167992575
106198049
114296237
102382687
69441098
70770124
122991512
140023129
43187893
119533240
149208257
79634933
8517700
36885302
149782399
140978929
154719284
145314259
101462345
104628468
171230638
45974444
40341020
110705825
79545517
123855349
123366703
70447388
180325116
110816628
150608557
113773234
63466322
99376845
132763091
25673797
119901216
176502826
78887534
48068842
82053601
127048832
26929651
148391159
118974744
179555098
114210214
144573260
117966914
80740909
119193565
174864264
120390935
63940193
147650450
187542757
71044752
98041735
135213884
186728729
68305976
145673468
60406300
46954198
132566953
69658458
86545147
64171217
51290795
181927925
155877452
125781409
180219253
187672308
64259152
187545069
186946047
186864527
151447533
124284331
115604401
19952822
125343242
117756897
146752057
145494028
92738092
76929195
163608324
187196371
84229012
103536573
111583465
159970910
72878468
103399918
139269779
88998566
160794251
79177298
78791059
186928635
113896248
103456261
111500904
132987132
41700157
154724277
68538684
104725684
146678446
37756124
69398921
68841369
60337227
118253940
165029151
124162514
154390749
187769260
124475211
134454536
41447570
81187541
161781243
50920238
103848806
73714364
28776486
89101468
187750621
187752402
141092905
187783024
187213852
74593399
69883243
49194772
187553427
129314794
69336904
73671032
148813972
94854744
65828882
176570755
187511733
136718367
180614665
73192578
80820794
18871501
117270780
187531253
102070620
187457036
154319454
38893860
91772719
102341403
85444179
124940950
113010356
186848754
188434244
97374550
67462292
187059060
135797610
34351671
144904794
153925759
114633071
102022309
149087508
74076017
122619133
98888321
74421290
120489818
67954865
23103211
187123430
176994546
94854701
185939619
105988756
188102215
104813715
76154531
148375267
121867690
160845350
111833127
90201071
40742076
123060410
71431947
82196327
105924071
141189805
69315681
104663301
63975433
187194548
66276950
126186582
170199959
130393887
147447373
160260682
39105529
138422980
184989126
45191179
96926546
112813886
170653199
133460338
22673395
87237830
31904294
103519328